1684084587774 1.1678280385676674 0
1684084587806 0.9948061137445503 1
1684084587821 0.8665247810053648 2
1684084587837 0.7703516500446144 3
1684084587853 0.6971676023857121 4
1684084587884 0.6388950696034024 5
1684084587899 0.5903589257823284 6
1684084587915 0.5509815370258808 7
1684084587931 0.5167003562409551 8
1684084587962 0.48810750868619646 9
1684084587982 0.4626228677553881 10
1684084588004 0.43997716244854806 11
1684084588013 0.4200362511559473 12
1684084588044 0.4023918552557177 13
1684084588060 0.38610533884130627 14
1684084588082 0.3716577798389011 15
1684084588104 0.3584404022382294 16
1684084588127 0.34654739987410804 17
1684084588152 0.3354336396772997 18
1684084588173 0.3252324127902387 19
1684084588200 0.31599098797893754 20
1684084588223 0.3075452375744275 21
1684084588251 0.2994288475088416 22
1684084588273 0.29195403665715675 23
1684084588296 0.28497336202075785 24
1684084588318 0.2785780497920061 25
1684084588340 0.27264048387070317 26
1684084588359 0.26686810219020035 27
1684084588379 0.26160288910756496 28
1684084588400 0.256505480772248 29
1684084588420 0.25190709950093493 30
1684084588439 0.24750658319787047 31
1684084588458 0.2435209498369427 32
1684084588473 0.23947760141034471 33
1684084588489 0.23571297635312513 34
1684084588513 0.2320637932741636 35
1684084588530 0.22877934640654887 36
1684084588545 0.22561348023726047 37
1684084588561 0.22274412188503884 38
1684084588577 0.21989819093666144 39
1684084588608 0.2171973906901121 40
1684084588631 0.2145025456152719 41
1684084588656 0.21207660890121727 42
1684084588659 0.20981517242323064 43
1684084588690 0.20757836111570815 44
1684084588705 0.2053303147500604 45
1684084588736 0.20334211306420824 46
1684084588752 0.20137543044234638 47
1684084588768 0.1995915302402472 48
1684084588783 0.19780606892775934 49
1684084588799 0.19609568765912241 50
1684084588814 0.19438288281575672 51
1684084588830 0.1928412603162713 52
1684084588846 0.19132073522079565 53
1684084588861 0.18987225761716556 54
1684084588893 0.1883897875246646 55
1684084588908 0.1869790276886804 56
1684084588924 0.1858047583521949 57
1684084588939 0.18453406988190274 58
1684084588955 0.18341193552444038 59
1684084588971 0.18220829327309576 60
1684084588987 0.1811760482626946 61
1684084589020 0.18009027764403435 62
1684084589041 0.17910010771571783 63
1684084589057 0.1781296982943653 64
1684084589072 0.17716119419761972 65
1684084589088 0.17629242937663805 66
1684084589103 0.17541871181250032 67
1684084589119 0.17452067835622745 68
1684084589135 0.17367966405452578 69
1684084589166 0.1729098718945875 70
1684084589182 0.17217914218317618 71
1684084589197 0.17140010962030647 72
1684084589213 0.17077605214524227 73
1684084589228 0.17012740805195153 74
1684084589244 0.1695551599135273 75
1684084589275 0.16887094855674675 76
1684084589291 0.16816926945109814 77
1684084589307 0.16747529973780745 78
1684084589322 0.16698240432072534 79
1684084589338 0.1664282644258464 80
1684084589374 0.16587268736101943 81
1684084589399 0.16533988442882988 82
1684084589417 0.16476708773905202 83
1684084589432 0.16427560339751532 84
1684084589454 0.1637669591830894 85
1684084589473 0.16325204210504646 86
1684084589492 0.16287305460491602 87
1684084589512 0.1624955010741173 88
1684084589531 0.16201958821730925 89
1684084589550 0.16159845777395251 90
1684084589568 0.16121846781967059 91
1684084589582 0.1608563987041739 92
1684084589603 0.16051230115089232 93
1684084589618 0.1601257459059775 94
1684084589634 0.15985702808625435 95
1684084589649 0.15960205608350758 96
1684084589665 0.15934155828666519 97
1684084589681 0.158993181837656 98
1684084589696 0.15864676336509934 99
