1684072860695 1.1678280385676674 0
1684072860711 0.9948061137445503 1
1684072860758 0.8665247810053648 2
1684072860789 0.7703516500446144 3
1684072860805 0.6971676023857121 4
1684072860836 0.6388950696034024 5
1684072860883 0.5903589257823284 6
1684072860914 0.5509815370258808 7
1684072860945 0.5167003562409551 8
1684072860977 0.48810750868619646 9
1684072861008 0.4626228677553881 10
1684072861039 0.43997716244854806 11
1684072861102 0.4200362511559473 12
1684072861133 0.4023918552557177 13
1684072861164 0.38610533884130627 14
1684072861211 0.3716577798389011 15
1684072861258 0.3584404022382294 16
1684072861320 0.34654739987410804 17
1684072861356 0.3354336396772997 18
1684072861387 0.3252324127902387 19
1684072861418 0.31599098797893754 20
1684072861450 0.3075452375744275 21
1684072861481 0.2994288475088416 22
1684072861497 0.29195403665715675 23
1684072861528 0.28497336202075785 24
1684072861559 0.2785780497920061 25
1684072861590 0.27264048387070317 26
1684072861626 0.26686810219020035 27
1684072861667 0.26160288910756496 28
1684072861699 0.256505480772248 29
1684072861731 0.25190709950093493 30
1684072861764 0.24750658319787047 31
1684072861798 0.2435209498369427 32
1684072861834 0.23947760141034471 33
1684072861860 0.23571297635312513 34
1684072861903 0.2320637932741636 35
1684072861938 0.22877934640654887 36
1684072861972 0.22561348023726047 37
1684072862003 0.22274412188503884 38
1684072862019 0.21989819093666144 39
1684072862066 0.2171973906901121 40
1684072862097 0.2145025456152719 41
1684072862129 0.21207660890121727 42
1684072862160 0.20981517242323064 43
1684072862191 0.20757836111570815 44
1684072862238 0.2053303147500604 45
1684072862269 0.20334211306420824 46
1684072862300 0.20137543044234638 47
1684072862332 0.1995915302402472 48
1684072862347 0.19780606892775934 49
1684072862379 0.19609568765912241 50
1684072862410 0.19438288281575672 51
1684072862441 0.1928412603162713 52
1684072862488 0.19132073522079565 53
1684072862519 0.18987225761716556 54
1684072862551 0.1883897875246646 55
1684072862582 0.1869790276886804 56
1684072862629 0.1858047583521949 57
1684072862676 0.18453406988190274 58
1684072862691 0.18341193552444038 59
1684072862723 0.18220829327309576 60
1684072862754 0.1811760482626946 61
1684072862785 0.18009027764403435 62
1684072862816 0.17910010771571783 63
1684072862863 0.1781296982943653 64
1684072862910 0.17716119419761972 65
1684072862957 0.17629242937663805 66
1684072862988 0.17541871181250032 67
1684072863019 0.17452067835622745 68
1684072863051 0.17367966405452578 69
1684072863066 0.1729098718945875 70
1684072863113 0.17217914218317618 71
1684072863160 0.17140010962030647 72
1684072863191 0.17077605214524227 73
1684072863207 0.17012740805195153 74
1684072863254 0.1695551599135273 75
1684072863285 0.16887094855674675 76
1684072863316 0.16816926945109814 77
1684072863348 0.16747529973780745 78
1684072863379 0.16698240432072534 79
1684072863394 0.1664282644258464 80
1684072863426 0.16587268736101943 81
1684072863457 0.16533988442882988 82
1684072863504 0.16476708773905202 83
1684072863535 0.16427560339751532 84
1684072863566 0.1637669591830894 85
1684072863598 0.16325204210504646 86
1684072863630 0.16287305460491602 87
1684072863677 0.1624955010741173 88
1684072863710 0.16201958821730925 89
1684072863729 0.16159845777395251 90
1684072863763 0.16121846781967059 91
1684072863791 0.1608563987041739 92
1684072863815 0.16051230115089232 93
1684072863833 0.1601257459059775 94
1684072863869 0.15985702808625435 95
1684072863900 0.15960205608350758 96
1684072863915 0.15934155828666519 97
1684072863947 0.158993181837656 98
1684072863978 0.15864676336509934 99
